Moniquill Blackgoose 48 31.83 32.67 32.72 32.98 34.65 35.15 35.32 35.58 36.00 37.50
Ai Jiang 48 25.60 25.82 26.28 26.70 27.45 29.53 32.20 33.33 34.08 37.08
Sunyi Dean 50 26.35 26.93 28.98 29.20 29.78 30.08 31.67 31.92 32.67 34.17
Xiran Jay Zhao 47 27.25 27.25 27.47 27.85 27.85 27.90 29.07 30.45 31.08 32.42
Hannah Kaner 35 21.55 21.55 21.63 22.68 23.02 23.07 23.07 23.78 24.25 24.75
Em X. Liu 41 17.37 17.58 18.30 18.90 19.07 19.62 19.78 20.12 20.83 22.67
Bethany Jacobs 29 18.87 18.95 19.53 19.62 20.37 20.37 20.37 20.37 21.08 21.42
Naseem Jamnia 34 16.85 16.90 17.12 17.45 17.53 17.53 18.37 19.17 20.00
Kritika H. Rao 25 13.68 13.77 13.77 14.77 14.85 14.85 14.85 16.28
Moses Ose Utomi 25 12.43 12.93 13.15 13.48 14.07 14.07 14.32
Angela Liu 22 8.78 8.78 8.95 9.08 9.08 10.83
Tia Tashiro 19 12.28 12.28 12.28 12.28 12.28
Vajra Chandrasekera 18 10.92 10.92 11.00 11.00
Saara El-Arifi 19 7.63 7.68 7.82
Kemi Ashing-Giwa 17 6.98 6.98
Gabriela Romero Lacruz 12 7.62