Alyssa Winans 66 42.65 42.65 43.53 43.53 43.62 43.83 43.83 47.17 47.42 48.08
Galen Dara 29 14.57 14.57 14.78 14.78 14.95 15.67 16.17 16.50 17.00 18.08
Dan Dos Santos 17 10.37 11.03 11.12 11.12 11.12 11.33 11.83 11.83 13.42 13.50
Rovina Cai 21 9.50 9.50 9.75 9.75 10.00 10.75 11.25 11.58 11.75 12.83
Tristan Elwell 18 8.53 8.53 8.75 8.75 8.75 9.00 9.00 9.58 10.25 11.25
Micaela Alcaino 18 9.20 9.20 9.25 9.25 10.00 10.25 10.25 10.83 11.00 11.08
Feifei Ruan 16 9.58 9.58 9.58 9.58 9.58 9.58 9.58 9.58 10.17 10.17
Stephanie Law 15 9.03 9.03 9.12 9.12 9.12 9.67 9.67 10.00 10.00
Tommy Arnold 14 7.92 7.92 8.17 8.17 8.17 8.33 8.33 8.92
Virginia Allyn 14 5.00 5.00 5.58 5.58 5.58 6.08 6.08
John Picacio 8 5.83 6.00 6.00 6.00 6.00 6.50
Colleen Doran 12 4.95 4.95 5.03 5.03 5.12
Yoshi Yoshitani 8 5.33 5.33 5.33 5.33
Matthew Spencer 5 5.00 5.00 5.00
Charis Loke 11 4.70 4.70
Bob Eggleton 6 4.83