Iain J. Clarke 43 22.73 22.90 22.90 22.90 22.90 23.03 23.25 23.42 23.75 24.92
Sara Felix 35 20.48 20.48 20.48 20.98 20.98 21.03 21.75 21.75 21.75 22.50
Laya Rose 23 13.40 13.57 13.57 13.57 14.23 14.53 14.58 14.58 15.58 15.58
Alison Scott 26 13.87 13.87 13.87 13.87 13.87 13.92 13.92 13.92 13.92 14.00
Dante Luiz 16 10.50 10.75 10.75 10.75 10.92 11.17 11.17 11.17 11.33 11.33
España Sheriff 22 9.25 9.33 9.33 9.33 9.33 9.33 9.33 9.50 9.50 10.08
Yuumei 17 7.20 7.28 7.28 7.28 7.28 7.37 7.42 7.42 10.58 10.58
Richard Man 13 6.75 6.75 6.75 6.75 6.75 6.75 6.75 9.58 9.58
Carly A-F 15 8.00 8.00 8.00 8.00 8.00 8.67 8.67 8.67
Spring Schoenhuth 9 5.17 5.17 5.17 5.17 5.17 5.17 5.17
Grace P. Fong 8 6.03 6.03 6.03 6.03 6.03 6.03
marceline2174 8 4.03 4.03 4.03 4.03 4.53
Jessica Holmes 6 2.67 4.33 4.33 4.33
Maya Hahto 4 3.50 3.50 3.50
Antonio Filipović 3 3.00 3.00
Robin Rozendal 3 3.00 3.00
Lorelei Esther 6 2.42