Lee Harris 81 43.72 44.55 45.05 45.57 45.88 46.60 47.52 47.60 48.73 50.57
Ruoxi Chen 71 28.70 28.70 30.15 30.75 31.38 32.73 33.57 33.65 35.62 35.62
David Thomas Moore 40 22.68 22.93 22.93 23.85 24.52 24.77 25.68 27.35 27.65 29.82
Lindsey Hall 53 21.72 21.72 22.95 23.08 23.72 24.15 24.15 24.23 24.82 24.98
姚海军 / Yao Haijun 16 16.00 16.00 16.00 16.00 16.00 16.00 16.00 16.00 16.00 16.00
Natasha Bardon\n(Declined) 35 11.88 12.22 12.62 12.75 13.15 13.53 13.70 13.70 14.53 15.03
Kelly Lonesome 22 5.72 5.72 6.35 6.53 6.63 6.77 6.77 6.77 6.98 6.98
Gillian Redfearn 17 8.50 9.58 9.58 9.75 10.75 10.75 11.00 11.67 11.67
Diana Pho 20 6.53 6.53 6.68 6.77 6.98 9.03 9.03 9.03
Francesca Barbini 12 8.08 8.58 8.58 8.58 8.58 8.58 8.58
Jenni Hill 12 7.00 7.08 7.08 7.08 7.08 7.08
Sarah Guan 17 5.83 5.83 5.93 6.02 6.32
Brendan Durkin 14 5.83 5.83 6.10 6.27
George Sandison 13 5.93 5.93 5.98
Ali Fisher 19 5.78 5.78
Bella Pagan 10 5.08