Strange Horizons 159 88.45 89.25 89.63 90.30 90.30 91.38 92.98 93.28 94.55 98.02
Uncanny 63 35.95 35.95 36.00 36.67 36.67 36.77 37.23 41.37 41.78 42.37
FIYAH 77 30.70 30.78 30.95 31.12 31.12 31.85 32.28 32.33 32.80 33.93
Khōréō 74 27.45 27.88 28.80 28.97 28.97 29.95 30.63 31.05 31.93 33.82
Escape Pod 57 22.92 23.05 24.27 24.35 24.35 24.75 25.08 25.33 28.30 29.43
GigaNotoSaurus 32 10.97 10.97 11.38 11.38 11.38 11.63 12.05 12.13 13.27 14.10
Interzone 30 19.73 19.73 19.73 19.73 19.73 19.73 19.73 20.90 21.00 21.33
The Deadlands 31 9.28 9.50 9.58 9.58 9.58 10.27 10.57 10.62 11.37
Podcastle 25 7.78 7.88 8.60 8.68 8.68 9.15 9.98 9.98
Clarkesworld 20 9.23 9.73 10.23 10.23 10.23 10.28 10.45
Beneath Ceaseless Skies 20 10.07 10.07 10.15 10.23 10.23 10.23
Sunday Morning Transport 16 5.67 5.67 5.75 5.75 5.75
TähFvaeltaja 6 6.00 6.00 6.00 6.00
Worlds of Possibility 9 5.92 5.92 5.92
Cast of Wonders 15 4.40 4.62
Small Wonders 11 5.48