Discover X 343 281.83 281.83 281.83 281.83 281.83 287.50 287.50 294.50 294.50 294.50
Chinese SF: Oral Hist II+III 120 70.75 70.75 70.75 70.75 70.75 70.75 70.75 70.75 70.75 70.83
A Traveller in Time 57 33.92 35.33 35.33 36.00 37.00 37.00 37.67 37.67 37.92 38.00
All These Worlds 55 34.50 35.42 35.92 35.92 35.92 35.92 36.08 36.08 36.83 37.00
Time War Tweets\n(Declined) 41 30.58 30.58 30.75 32.42 32.50 32.50 33.17 33.17 33.67 35.50
A City on Mars 36 22.58 23.00 23.17 26.00 26.58 26.58 26.58 26.58 26.58 28.00
The Culture: The Drawings 28 18.83 20.00 20.00 20.00 20.50 20.50 20.67 20.67 20.75 21.17
Making It So 27 20.42 20.58 20.92 20.92 21.00 21.00 21.00 21.00 21.00
Spec Fic for Newbies 20 17.58 17.58 17.58 17.58 17.58 17.58 17.58 17.58
科幻Fans布玛 20 12.33 12.33 12.33 12.33 12.33 13.00 13.00
Mark As Read 16 13.17 13.17 13.17 13.67 13.67 13.67
Chinese SF: Oral Hist III 18 11.33 11.33 11.33 11.33 11.33
I Am the Law 15 12.08 12.25 12.25 12.25
Under Alien Skies 17 10.50 10.67 10.67
2023 Hugos Report 13 11.17 11.17
50 Years of Text Games 15 8.42