杨枫 / Yang Feng 146 118.50 118.50 118.50 118.50 118.50 118.50 118.50 118.50 118.50 118.50
刘维佳 / Liu Weijia 103 76.50 76.50 76.50 76.50 76.50 76.50 76.50 76.50 76.50 76.50
Neil Clarke 65 39.95 40.12 40.62 40.62 41.12 41.37 46.25 46.33 48.33 48.50
Jonathan Strahan 58 31.20 31.62 31.62 32.00 33.00 34.25 36.42 38.00 40.17 42.83
Lynne M. Thomas & Michael D. Thomas 39 22.17 22.25 22.42 22.42 22.58 22.75 23.25 26.92 28.17 28.67
Scott H. Andrews 40 18.48 18.90 18.90 19.48 19.70 20.28 21.75 22.17 25.00 27.17
Nisi Shawl 32 16.62 17.95 17.95 18.78 19.33 22.25 22.25 22.58 23.17 23.83
E. Catherine Tobler 31 17.48 18.40 18.57 20.28 21.53 22.78 23.08 23.25 24.17
Sheree Renée Thomas 36 16.70 17.62 17.78 18.28 18.62 18.78 20.58 21.75
Lee Harris 31 20.12 20.45 20.45 20.45 20.58 21.42 21.42
Sheila Williams 34 18.37 18.37 18.87 18.95 18.95 19.12
Oghenechovwe Donald Ekpeki 24 10.57 11.07 11.23 11.37 12.58
Wole Talabi 19 8.32 9.15 9.15 9.37
Dave Ring 16 9.28 9.45 9.45
Gareth Jelley 12 8.67 8.67
Arley Sorg & Christie Yant 19 7.08