D&D: Honor Among Thieves 212 85.88 87.65 88.70 90.43 90.43 92.57 98.32 102.03 107.50 117.58
Barbie 196 84.78 85.20 86.42 89.03 89.03 92.05 95.22 99.02 104.37 110.70
Spider-Man: Across the Spider-Verse 188 68.30 70.10 71.62 74.78 74.78 76.72 82.02 84.82 90.78 95.12
Nimona 172 70.10 72.28 73.17 75.78 75.78 76.70 78.35 79.93 85.87 91.95
The Wandering Earth II 69 55.00 55.00 55.00 55.00 68.00 68.00 68.50 68.50 68.50 68.50
Poor Things 114 45.72 46.15 47.73 49.45 49.45 50.70 51.97 60.93 61.52 62.85
Godzilla Minus One 114 41.70 42.92 44.80 46.48 46.48 47.98 49.45 53.12 55.22 57.30
Good Omens Series II 98 43.18 43.18 43.18 44.25 44.25 48.22 49.50 51.00 52.25
The Marvels 88 37.98 38.33 38.58 39.43 39.43 39.90 41.32 41.65
Asteroid City 79 31.32 32.22 33.05 35.35 35.35 36.18 37.37
Guardians of the Galaxy Vol. IIII 73 27.18 27.28 28.67 29.35 29.35 29.98
The Last of Us Season I 59 29.68 30.18 30.18 31.65 31.65
宇宙探索编辑部 / Journey to the West 43 30.00 30.00 30.00 30.00
The Boy and the Heron 62 20.72 21.10 21.90
The Creator 41 17.75 18.40
They Cloned Tyrone 37 14.70