Journey Planet 63 39.43 40.02 40.1 43.57 44.23 44.57 45.98 45.98 47.78 48
Nerds of a Feather 70 40.05 40.05 40.23 40.4 40.73 41.98 42.15 43.32 44.53 47.33
Unofficial Hugo Book Club Blog 64 28.37 28.37 29.05 29.35 30.57 30.9 31.57 31.98 35.03 36.67
Black Nerd Problems 43 19.35 19.35 19.95 19.95 20.92 21.00 21.00 21.92 22.83 24.92
Idea 20 13.25 13.25 13.25 13.92 13.92 13.92 16.67 16.67 16.83 16.83
The Full Lid 24 12.78 12.78 13.53 13.53 13.78 13.78 13.78 14.62 14.87 14.92
零重力报 / Zero Gravity News 22 13.18 15.27 15.4 15.45 15.58 15.58 15.67 15.92 16.17 16.33
Ancillary Review of Books 24 11.98 11.98 12.15 12.15 12.23 12.48 12.57 12.73 12.95
Galactic Journey 24 10.65 10.73 10.73 10.87 10.87 10.87 10.87 10.87
The Rec Center 17 9.43 9.43 9.53 9.53 10.75 10.75 10.75
Banana Wings 17 10.00 10.00 10.00 10.17 10.17 10.17
File Seven-seventy 14 10.17 10.17 10.17 10.17 10.25
Lady Business 16 6.63 6.63 6.95 6.95
The Drink Tank 15 7.95 7.95 7.95
Astrolabe 15 7.02 7.02
中文科幻学术速递 / Chinese Academic SF Express 10 6.75