Paul Weimer 134 76.78 77.95 80.45 81.87 82.50 83.92 84.92 85.92 89.33 91.75
Jason Sanford 63 33.02 33.02 33.18 33.43 33.98 34.50 34.50 34.50 35.42 37.50
Camestros Felapton\n(Declined) 45 24.70 24.87 24.95 26.37 26.92 27.17 27.17 27.17 27.25 27.42
Örjan Wesan 23 19.50 19.50 19.50 19.50 19.50 19.50 19.50 19.50 19.50 19.50
Alasdair Stuart 30 15.10 15.10 15.18 15.18 15.82 16.42 16.42 16.58 17.58 18.42
BiJer Karella 29 16.40 16.40 16.57 16.73 16.98 17.75 17.75 17.75 18.00 18.33
James Davis Nicoll 27 15.00 15.00 15.00 15.00 15.75 15.83 15.83 15.83 15.83 16.08
Alex Brown 24 12.23 12.23 12.23 12.73 12.90 13.83 13.83 13.83 14.08
Arturo Serrano 20 10.42 10.42 10.58 11.08 11.08 11.75 11.75 11.92
天爵 / Arthur Liu 14 9.67 9.67 12.33 12.33 12.33 12.33 12.33
Douglas E. Berry 13 12.00 12.00 12.00 12.00 12.00 12.00
Adri Joy 20 8.32 8.32 8.48 8.48 9.23
Vajra Chandrasekera 17 9.28 9.28 9.28 9.28
Abigail Nussbaum 15 9.25 9.25 9.25
河流 / RiverFlow 17 9.00 9.00
Claire Brialey 10 8.33