Baldur's Gate III 157 102.35 103.23 104.65 107.40 109.82 110.48 112.23 116.08 116.75 119.83
Zelda: Tears of the Kingdom 67 42.45 43.00 43.83 44.92 45.00 45.00 46.17 47.17 47.17 47.42
Chants of Sennaar 44 25.07 25.23 25.23 25.32 25.48 25.82 26.07 26.17 26.17 27.25
Dredge 37 19.73 19.73 19.90 20.48 20.48 20.48 21.15 21.33 21.33 21.92
Alan Wake II 33 15.17 15.17 15.33 15.92 16.25 16.25 16.92 17.92 20.08 20.50
Star Wars Jedi: Survivor 26 13.33 14.58 14.58 15.00 15.83 16.50 16.50 17.17 17.17 17.33
Stray Gods 20 10.07 10.15 10.15 10.82 11.32 11.48 11.57 11.67 11.67 11.75
Slay the Princess 18 8.33 8.42 8.42 8.58 8.92 9.58 9.58 9.67 9.67
Geek Culture Quiz 14 10.83 10.83 10.83 10.83 10.83 10.83 10.83 10.83
Starfield 18 6.43 6.57 6.57 6.73 6.98 6.98 6.98
Sea Of Stars 15 8.17 8.17 8.42 8.42 8.58 8.58
Talos Principle II 11 7.50 7.50 7.50 7.50 7.50
Cyberpunk 2077: Phantom Liberty 15 6.95 7.08 7.08 7.08
Marvel Spider-Man II 17 5.67 6.33 6.50
Stray 11 5.92 6.00
Horizon Forbidden West: Burning Shores 14 5.03